00 00 00 00 00 00 00 00 00 00 00 00 00 00 00 00
00 00 00 00 00 00 00 00 00 00 00 00 00 00 00 00
00 00 00 00 00 00 00 00 00 00 00 00 00 00 00 00
00 3e 00 21 22 0c 72 1e 60 36 30 00 00 00 00 00
00 45 21 43 49 14 51 29 47 49 49 00 00 00 00 00
00 49 7f 45 49 24 51 49 48 49 49 00 00 00 00 00
00 51 01 49 49 7f 51 49 50 49 4a 00 00 00 00 00
00 3e 00 31 36 04 4e 06 60 36 3c 00 00 00 00 00
00 00 00 00 00 00 00 00 00 00 00 00 00 00 00 00
00 00 00 00 00 00 00 00 00 00 00 00 00 00 00 00
00 00 00 00 00 00 00 00 00 00 00 00 00 00 00 00
00 3e 00 21 22 0c 72 1e 60 36 30 00 00 00 00 00
00 45 21 43 49 14 51 29 47 49 49 00 00 00 00 00
00 49 7f 45 49 24 51 49 48 49 49 00 00 00 00 00
00 51 01 49 49 7f 51 49 50 49 4a 00 00 00 00 00
00 3e 00 31 36 04 4e 06 60 36 3c 00 00 00 00 00